key,source,target
/77D964BC4E7A1BCF589612807A8022A9,02_Out,
/F79A6826447CF502E44872A10038D512,01_Out,
/A8AD60554C246C0E96CEE8BEF58D05A5,03_Out,
/49EF26A84B12349868FB169CDAA39817,04_Out,
/2084717B49D3C764A29B72B6225671B8,05_Out,
/9C79E4BB4A0AB4F1C8E61D815C6D476A,06_Out,
/1F13678444F22C32E2E0E981ACC988B5,07_Out,
/AF1A975841E5A9C4871B00BCB8C2C489,08_Out,
/7B4C265846C2B5861D69ECAC92112CFF,11_Out,
